[geometry]
count=5
id=123
[fiducial0]
x=0
y=0
z=0
[fiducial1]
x=112.217
y=-5.59278
z=10.0763
[fiducial2]
x=62.9886
y=-30.3898
z=6.39166
[fiducial3]
x=130.569
y=-62.5927
z=14.1854
[fiducial4]
x=68.127
y=-80.2376
z=8.85944
[tip]
x=-143.507
y=69.237
z=-14.5621
